0 -1.6645697767243675 0.2280465094920467
1 -1.3002263929914013 0.23133538751041188
2 -1.2722843271844533 0.2320580760784009
3 -1.6086820841712126 0.22861085645854473
4 -1.2773665435173909 0.2316968345685917
5 -1.7078936428708198 0.22750473866129622
6 -1.7900418161469367 0.22659629692926125
7 -1.4256394632598952 0.23043278571875656
8 -1.7016567289829254 0.22787035420975266
9 -1.5707044916994426 0.22903576690484495
10 -1.750509506639314 0.22741754276349263
11 -1.7999539370922466 0.22667373158037663
12 -1.8799105987829314 0.22609488490749807
13 -1.5704129986903244 0.2291720820700421
14 -1.667655818164349 0.22764961509143605
15 -1.5170786091509978 0.22926084171323216
16 -2.1736771744840286 0.22272047663436217
17 -1.2353740413399286 0.23222041447811267
18 -1.3916708748130224 0.23059438256656423
19 -1.9179536248831182 0.22581103816628456
20 -2.281231071580858 0.2218152111505761
21 -1.1854516013580199 0.23319876599399483
22 -1.623364461257176 0.22873061150312424
23 -1.5814993092242409 0.22880755288197713
24 -1.547123382196708 0.2293352582218016
25 -1.6491768772111222 0.22848451367634184
26 -1.9725178094471185 0.2252919166622793
27 -1.718566632446119 0.2274478280588108
28 -1.230299001669183 0.23249547566999407
29 -1.4955434290801795 0.22945229161311598
30 -1.7058085978907678 0.22742202494512587
31 -1.5323482672957796 0.22962114192983685
32 -1.8344434964306218 0.2267096204792752
33 -1.587473875021233 0.22907519307644927
34 -2.026186510920524 0.22414214032537796
35 -1.5241408391910456 0.22722573085304568
36 -1.4501695466392184 0.2301539021598942
37 -2.139668988392635 0.22344443103408113
38 -1.4336851151550505 0.23035401598933866
39 -1.625072627383116 0.22849371262332974
40 -1.6904030871741913 0.2277475012575879
41 -1.4718201011419292 0.23022131227395115
42 -1.5452466138145524 0.2291955102015944
43 -1.5971093931618858 0.228723079952247
44 -1.5331061118665854 0.22937924886012778
45 -1.583773489384091 0.22865068956333048
46 -1.7388998366454045 0.2274893660317449
47 -1.5596891479457113 0.2289847932098543
48 -1.579236140584245 0.22847893801243865
49 -2.0984285565860152 0.2237946043777115
50 -1.2549258549423756 0.23244298052261858
51 -1.2916619177250288 0.2320195542758002
52 -2.120115377885454 0.22314303050584652
53 -1.6821943552178507 0.2280972093782004
54 -1.5147773110691227 0.22959398390615687
55 -1.9284016617080733 0.22564480639994144
56 -1.7507814418743628 0.2269467689535197
57 -2.2291761877782204 0.22250251756871448
58 -1.350920844603987 0.2314752465223565
59 -1.882403179564896 0.22568770476123867
60 -1.6770728261155248 0.2279405113967026
61 -1.740012635641238 0.2274740264915368
62 -1.723780340569861 0.22744337995262706
63 -1.913194237824751 0.22562199929619536
64 -1.572381869396742 0.22891151707838564
65 -1.2882491792826078 0.23167919345638333
66 -1.9257067209657506 0.2255026476786417
67 -1.7440843888941926 0.2271847123389735
68 -0.9916203096508983 0.23504379369756756
69 -1.811444660758272 0.2265930181259618
70 -1.7455454587059855 0.22734743411488392
71 -1.5858742572805458 0.22906429419184432
72 -1.6615729231168257 0.22795451344812617
73 -1.7834085532847572 0.22656513903947437
74 -1.7014861216439918 0.22799611814758358
75 -1.9758534343803649 0.22520398414310286
76 -1.4424979029332903 0.23028916000005076
77 -1.1155934894786144 0.23364317450014985
78 -1.5927907846429745 0.22892882609192064
79 -1.650981692706838 0.2282999476746601
80 -1.0989493635647447 0.2337990062420859
81 -1.4287160052096128 0.2306844507727553
82 -1.6197741360348834 0.2282124298679478
83 -1.8428629592937593 0.22637818907113635
84 -1.2154874008368028 0.23248864009099848
85 -1.6579733394524623 0.22843824447516134
86 -1.5163557603955264 0.22980394652661154
87 -1.6594575498910522 0.22821669433923328
88 -1.708683842683539 0.22767060710226789
89 -1.3776752549935771 0.23066606909474907
90 -1.9208557794199281 0.22573410401887753
91 -1.6464641975129348 0.22827621154925404
92 -1.6516020850223667 0.22829267032006206
93 -1.7189272076768014 0.22733058396945982
94 -1.6737985589048434 0.22790882955579198
95 -1.9368254415252646 0.22537735575700507
96 -1.4097355525283262 0.230300838346867
97 -1.6613601980840471 0.2282278915757642
98 -1.6573185539420932 0.22835933964918642
99 -1.6412196790470788 0.22847617406617193
100 -1.1544659405070186 0.23345272659378893
101 -1.2127762002980025 0.23254161339034052
102 -1.3043586055145546 0.23147858251981876
103 -1.601287875981892 0.22859270958339467
104 -1.7311019932522496 0.22722231410443783
105 -1.6266800901469056 0.22868915734922185
106 -1.4044590951765272 0.23079238601905458
107 -1.7225652385283925 0.22708496856777108
108 -1.902943016851649 0.22568999033640413
109 -1.5604106380658986 0.22929036792586832
110 -1.3069870717385208 0.2315454831456437
111 -1.4958917437230825 0.22999542568098097
112 -1.7332564272424746 0.2275278986815144
113 -2.2196066620595305 0.22240072795573404
114 -1.8807308310095003 0.22520268138717203
115 -1.9827795050600008 0.22495690130573862
116 -2.002377556089093 0.22452236492844188
117 -1.223221256890719 0.23272284602417664
118 -1.92762203514576 0.22528324922656312
119 -1.669642942793229 0.22760100761318908
120 -1.9208956290693862 0.22538161113419952
121 -1.7052016056635806 0.22758345930453608
122 -1.293024344041069 0.2315823195830864
123 -1.8370100461384826 0.22666374867891564
124 -1.7079275758827457 0.22768524026169495
125 -1.659151254331365 0.2280072721050066
126 -1.7619389492799264 0.2272171306916896
127 -1.7800717998076885 0.22708113787367062
128 -1.394089037442909 0.23057053424417973
129 -1.425317872096513 0.23049683704533996
130 -1.731098881539176 0.2276912651517812
131 -1.7169769962920882 0.22759545934112632
132 -1.8919368110158867 0.2259237134062192
133 -1.7446316449957726 0.22718713509247584
134 -1.8534310600336859 0.22619556022040985
135 -2.0561394007766935 0.22408222352318904
136 -1.5560250619755074 0.22879823691704693
137 -1.4528147657127952 0.23001488221480565
138 -1.7898270422044926 0.22676802306052515
139 -2.0947191754684735 0.2240047292674289
140 -1.3289476251777481 0.2314649636254591
141 -1.8392110791276477 0.2264522907926756
142 -1.8007117816630522 0.22691957236212842
143 -1.81121783440604 0.22671725151731686
144 -1.7096766763750244 0.22758936958716197
145 -1.953609758878455 0.22522527593023636
146 -1.7460887265556009 0.22718070502228596
147 -1.6280347043100512 0.22860505913986878
148 -1.5358912594178147 0.2292216248152887
149 -1.6890520449070388 0.22781652727109544
150 -1.5307813773260375 0.22944308192852667
151 -1.9556942450649597 0.22529250898343675
152 -1.977658096481772 0.22499032559640267
153 -1.956559202688581 0.22502637807937229
154 -1.8217122291817374 0.2264378909021616
155 -1.8961325287818909 0.2256155804018764
156 -1.9016385297564886 0.2259838472613517
157 -1.6600641038487933 0.22830422354095123
158 -1.7548206317074186 0.22692816956516573
159 -1.6532869023435257 0.22818299284314408
160 -1.8531431498772948 0.22620129727703683
161 -1.626714483341752 0.22859519544769735
162 -1.5969626605510712 0.2286912355133716
163 -1.756618566372817 0.22747917352792094
164 -1.6023942214601183 0.22867742619093726
165 -1.5561816227786682 0.22939203109811335
166 -1.6766135197351988 0.22804734592928605
167 -1.209468986181653 0.23263241734136553
168 -1.5652970684801844 0.22893793333102674
169 -1.8515408915631915 0.22564205012339003
170 -1.9256468424025694 0.22560015430345254
171 -1.5417463420068525 0.22965160165639484
172 -1.5688706408528734 0.22890658315052004
173 -1.6085221706067827 0.22890600474441752
174 -1.7152774312040375 0.22749128609019167
175 -1.9831184955204217 0.22512794242185705
176 -1.9147490534712293 0.22548050290959723
177 -1.9285789745695445 0.22542678323738716
178 -1.724925363326773 0.227790000355419
179 -1.8563927534748539 0.22634423063958392
180 -1.3669059447505871 0.23119354511008544
181 -1.8198692185037277 0.2265253014424268
182 -1.9476846846587508 0.22519273990217378
183 -1.877041062449708 0.22586518175461712
184 -1.5627642545629958 0.22923258878290653
185 -1.4726393691757156 0.22984921833609834
186 -1.7434673602966728 0.22725699579014497
187 -1.4621557229582 0.23038247118101401
188 -1.6128965160425972 0.2284309392904534
189 -1.5267369392163608 0.22951464311164968
190 -1.6576532164917284 0.22788855499204466
191 -1.6679240390658379 0.22810181317960515
192 -1.619751992471077 0.22869068548521576
193 -1.4342460233499028 0.2303016578011653
194 -1.78530147189603 0.22708927686600125
195 -1.7151051803546813 0.22727216330959515
196 -2.122093769995605 0.22353368723655448
197 -1.6083517604890993 0.2284389429670923
198 -1.6539995284641469 0.2282686862437164
199 -1.9573586061596877 0.2252505045822438
200 -1.7836833044010065 0.2268662343130392
201 -2.0660235272610907 0.2242169987191172
202 -1.302673032178598 0.2316451113232795
203 -2.088992527740844 0.2238235607304994
204 -1.5989190844051981 0.22880944072761955
205 -1.680532327907927 0.22793623257209272
206 -1.7730726805679935 0.22733643245609367
207 -1.88281284097363 0.22598937438691363
208 -2.0327519296723238 0.22435960480395487
209 -1.5487099285511399 0.22926299164400382
210 -1.698603798799656 0.2275487763040206
211 -1.6623135765685777 0.22819176984622197
212 -1.9607942880076539 0.22481836674406247
213 -1.6559001496609524 0.22834654349614592
214 -1.9421375740100362 0.22515623797388637
215 -1.7692279837587315 0.22719060213250272
216 -1.486855175565272 0.22985131666064262
217 -1.3488785637652172 0.23071333678329692
218 -1.9391520058407492 0.22519839083885446
219 -1.8454843693796332 0.22633705134777463
220 -1.6410804846707503 0.2280093132353881
221 -1.7221333897289108 0.22785034249810612
222 -1.3305804527857732 0.23108740052317872
223 -1.6073404866106364 0.22877446912667332
224 -1.5345330404884667 0.22940649749601588
225 -1.6464282155913472 0.2283994829391732
226 -1.533229440888939 0.22944234596455798
227 -2.1876974031329146 0.2227990322691553
228 -1.7781514455290384 0.2270485896836309
229 -1.4313036028076618 0.23059848312507658
230 -1.7119765062542531 0.22742943334228852
231 -1.4098512885325065 0.23070189291063478
232 -1.8447954865062923 0.22624086150351694
233 -2.0918382989133097 0.22386147618732033
234 -1.5531551859834622 0.22935503973242113
235 -1.1968105154878947 0.23277742054094286
236 -1.4417295837227044 0.2304201632299844
237 -2.082510686972564 0.22384104932494023
238 -1.6740124891786028 0.22777019736959653
239 -1.1938967577674813 0.23301438811947317
240 -1.3792796389145021 0.23117289834601037
241 -1.7785671550561406 0.22701959881712408
242 -1.9823538577731914 0.22488545746926
243 -1.5650544206009158 0.22899750280467904
244 -1.308973276001565 0.23136276992804863
245 -1.9758264588959096 0.22513538664754698
246 -2.0096339723643144 0.22424830441527507
247 -1.905010311919101 0.22567357331076088
248 -1.621738930835445 0.22865205225260818
249 -1.435953575898619 0.2304842074346893
250 -1.8323830821934868 0.22622371048611753
251 -1.790171346681957 0.22693621159038124
252 -1.697253085234585 0.2278899036567001
253 -1.945839230628573 0.22514799281078227
254 -1.9555107087773451 0.22523511486018405
255 -1.6823182759039546 0.22807883350726435
256 -1.5604710535091524 0.22901923165601842
257 -1.8634053714135126 0.22623920298236258
258 -1.6714607748915173 0.22788962360252352
259 -1.6876802396248385 0.22791314234628396
260 -1.4187194735688333 0.2305603259626557
261 -2.100132340017489 0.22384733531404943
262 -1.9784025300075039 0.22494537032702389
263 -1.8104879842961525 0.2259842500309734
264 -1.665616649038654 0.22829432106193373
265 -1.6876763061565487 0.22785447899471312
266 -1.4981802881640562 0.22979196413036654
267 -1.4241814175072838 0.23058808277196743
268 -1.3112676165559687 0.23188170078484452
269 -1.7829181955141187 0.22677790570785017
270 -1.686360566493342 0.22790082029121764
271 -2.1775663994690975 0.2227497702354894
272 -1.9385089769082935 0.22512803051401586
273 -1.6773462076397496 0.22798270250067992
274 -1.7452262232408813 0.22720279971904614
275 -1.5991401913411474 0.22874324319555478
276 -1.6943432171555135 0.2274863847038325
277 -2.005408934372313 0.22465786107761018
278 -1.8730125225642156 0.22575943599290707
279 -1.7519379692042558 0.2273040045710171
280 -1.6643581692786782 0.22802449160200708
281 -1.309669609455502 0.23163055310792782
282 -1.698288277668111 0.2276536538539564
283 -1.5815817915341424 0.22874923455802834
284 -1.6363881528377535 0.22847769234110327
285 -1.606174295439438 0.22875060699880123
286 -1.2805474155089454 0.23211447543957653
287 -1.8260535400579945 0.22640734768527396
288 -1.6547662589479897 0.22813012177015052
0 1.0812629606716915 -0.31913671318828013
0 2.2133420807349258 0.27821880626884177
1 2.1096053766555714 0.26579370862336543
2 2.674294758151156 0.22254526023683407
3 3.5834239156778134 0.28318628288251435
4 2.194940845446033 0.31514009082758565
5 2.4767229626054568 0.3084568297185763
6 1.2515884070578553 0.2376178753913153
7 2.4233634029634827 0.2797729947612747
8 2.7360579750078307 0.2535001639055001
9 2.248254829486718 0.2842313894615053
10 2.863403964021403 0.2986169896131619
11 1.6155023593909132 0.2853156317747033
12 2.5305039816845936 0.21920257222526893
13 2.532230367537039 0.2901723484670571
14 3.003181545207893 0.24290727417177943
15 2.4604458257475073 0.2717716203753546
16 2.8531269088939624 0.22182480085280476
17 1.2858462962850972 0.26105831792078227
18 2.788625369114019 0.2695601746839394
19 3.1593472301695873 0.24029912720176017
20 3.088232159334501 0.3031753007741947
21 3.5045590655350343 0.2413659132549057
22 2.9868120025324743 0.2870879131353004
23 2.0571895992445306 0.2829349249322267
24 1.8731128493034732 0.26373238689143236
25 3.285959921951788 0.26269409398126325
26 0.971290295475813 0.2969195668559417
27 3.7466131850835396 0.3088882153141953
28 1.425663813892911 0.2694888695030068
29 2.1434612589992303 0.27105844644808513
30 2.6754552891512726 0.28223770487592564
31 1.569330786693102 0.25667704936867586
32 2.426182761198085 0.3102574287391612
33 1.589157520942444 0.27840845128439506
34 2.6778953031982464 0.3288319456924398
35 2.474202049781802 0.29580149451032106
36 2.618650463516856 0.28702617159624827
37 4.053646959744291 0.2068322996339586
38 1.1078588872035384 0.2883856635740306
39 2.933338073742668 0.2854167992097079
40 1.7258715155655424 0.2805590976279456
41 3.3334208889773738 0.3031959976910061
42 1.4670023148128104 0.26513142431483505
43 3.577130221053279 0.251114906929048
44 0.9184082588820942 0.28519841609933905
45 1.7344069567827214 0.22268627767574561
46 1.83325072497747 0.2765202041669904
47 3.4210057723282756 0.2689378662492449
48 1.282321405208839 0.33131369383490894
49 1.0186514059894134 0.2627472822569289
50 1.650484558161352 0.2945557890176226
51 3.1227820294375244 0.2769529660939233
52 2.1209103565464127 0.2660141826544013
53 2.1269292031846057 0.2728913102194454
54 1.6022701200604237 0.27893809954081733
55 2.2863634824058376 0.2617518692423337
56 1.6790373595988877 0.2636404584395956
57 2.098562105467095 0.3042926916052349
58 1.3380719959620686 0.28855410427452205
59 2.348394751596818 0.24713458804657695
60 2.591510868862718 0.2756313970430505
61 1.1678761139414044 0.26661057418348
62 2.3045476649417624 0.2984727657773242
63 2.5080620477125506 0.3158267213771548
64 1.4412566655113597 0.2433571591486181
65 2.9456602734716624 0.23501832179250925
66 2.4437720146736526 0.2921124198204629
67 1.2145643800829806 0.2272205170137499
68 1.7845357995218474 0.3204871608645742
69 2.171575769281183 0.28925273967136456
70 3.098519160358852 0.29450224195937214
71 2.6952835587345496 0.21108250330285616
72 3.2639760725333034 0.2925367947506142
73 3.982715420442447 0.26924051525065185
74 2.6307208451576924 0.23728341747549547
75 2.2332161551555583 0.24375938314147655
76 1.4893138904228893 0.2716947828241404
77 1.6066914093661053 0.30678724585628214
78 2.4734753104856924 0.23152986720440222
79 2.9829755857180897 0.30260232328881287
80 1.9322162952858006 0.2866669712409601
81 2.2642959102880234 0.2768900830863476
82 1.127119373117985 0.30315986331969696
83 3.440720388856182 0.3009754456267905
84 3.7581372200537526 0.311970736160871
85 2.8110061171856238 0.2795363303651051
86 2.5002092158771383 0.3333790536051985
87 2.8971601271168286 0.26245656118575017
88 3.300626183202946 0.26290235703635484
89 1.706086173157907 0.2537578924812214
90 2.8447524958349284 0.2920341313486119
91 0.9995367903062368 0.2875866110282881
92 3.0533206724080335 0.25806255996745264
93 1.799191310362228 0.28758950570601516
94 1.345375219095808 0.317241285398136
95 1.01411856389664 0.2873127124657132
96 2.5879022487095336 0.20968687572902622
97 2.325634012106944 0.2601579133492021
98 1.794064745853544 0.2598151851831585
99 1.8949393113447508 0.29400705060963134
0 1.3976098882117058 -0.26551334920341807
1 2.7856676821914657 -0.25281737188687564
2 1.4982946779145467 -0.2740298244064021
3 2.113086326935671 -0.27525003538631143
4 1.4763573616990073 -0.2712337932610278
5 2.405494990575222 -0.2974105956302599
6 2.5817489823856405 -0.3193261034910585
7 1.2295174241865718 -0.3039905605120601
8 2.6529842176742835 -0.28706386217208546
9 2.6086593082513962 -0.18897232926486474
10 1.3728029393757581 -0.31957944716534303
11 1.3668313489915667 -0.28889105411991367
12 2.697241703128263 -0.2989255100211778
13 3.676716989818804 -0.2587869882004494
14 3.722925762416892 -0.2714379111591724
15 2.2306069500009045 -0.28285529227281314
16 2.763680142156016 -0.2947613576512393
17 1.4349065018566693 -0.2502108736423387
18 1.3446819829597052 -0.29211033429381983
19 2.965819069517949 -0.19336248897044106
20 2.5721604000867724 -0.28684946191000965
21 2.938858777724145 -0.3100193851631723
22 5.049924837384644 -0.29593276935196294
23 1.6044362219380832 -0.3076424874265871
24 2.6939772480446647 -0.2663135140894844
25 2.776961792041474 -0.27005275789447986
26 2.5470225860889273 -0.27555206240196684
27 1.1445055732419767 -0.24648330840115312
28 1.4358525527797528 -0.22158651920078448
29 1.1890931573136236 -0.29597162635507246
30 1.784560113872093 -0.3032355028864486
31 1.3681506751477674 -0.2555824052764875
32 2.1730243366352844 -0.2937690340144192
33 2.733903065935919 -0.30561721941724024
34 4.059764846272855 -0.2895712528645684
35 4.147363131090928 -0.22690301751997727
36 2.64020079219697 -0.2866498934120699
37 0.9067630136229202 -0.26717882296080087
38 3.133666346162006 -0.2026103362546499
39 3.073853491771018 -0.27351832375819146
40 2.0515376787046637 -0.2826093401820615
41 1.1204822979837235 -0.2889105625526577
42 3.1918558205134953 -0.20856177815976829
43 2.9617009944583534 -0.28183209261060593
44 2.9621433438564817 -0.29309474154166765
45 0.8159912414234417 -0.3063729789386067
46 1.669619149646302 -0.2970056064503645
47 2.5566572600225026 -0.28177644417616315
48 1.1445835893564067 -0.30535104501498916
49 3.7746810124081067 -0.26930788697272223
50 5.061289470999157 -0.27837126719489313
51 3.11808352868686 -0.29303122830613365
52 2.5743588756943017 -0.2989781914103821
53 2.7082698262431757 -0.2773307065827382
54 2.701620971385287 -0.27264684747031775
55 2.6658943661280206 -0.26207344837606883
56 3.2607784330112293 -0.2618631375117629
57 1.351219086857466 -0.28392194244211266
58 1.3879839951531803 -0.30253209477950327
59 1.3367341145982887 -0.25048254434395745
60 2.7729071592383425 -0.2714169967609494
61 1.0256214406601485 -0.2575324490153675
62 2.3973100599885946 -0.2920705764859108
63 1.3000803520203288 -0.27225552748783854
64 3.352685238586461 -0.22715599157574906
65 2.8799050196760345 -0.29257987551311515
66 1.4424188728824854 -0.26299277962622547
67 2.163812214927373 -0.3053025277393513
68 3.2248793016981865 -0.28590545629161773
69 1.347274685683945 -0.22781261104280803
70 2.8688974928986157 -0.29760390843072004
71 2.7297180346580525 -0.2625522750542153
72 2.1427379267134192 -0.2728262568723041
73 1.2186733638454876 -0.2793166349032858
74 3.6232651011376973 -0.23332981042487444
75 1.542468925456792 -0.25994670716529195
76 3.2645129087182196 -0.25126235322342905
77 2.6923652577947155 -0.26282128386662174
78 1.1545957515182432 -0.3141700011201177
79 2.3029329967944054 -0.29215690031137886
80 3.203350193309156 -0.2816863572848827
81 2.9848964626088406 -0.28284426791896805
82 2.090858111985183 -0.2802810680616124
83 4.062591679190655 -0.2764563949043627
84 2.411312551885169 -0.27416283792615587
85 2.011853113618712 -0.28058198710145366
86 2.4945199797384756 -0.26163332635184583
87 4.1374083316418275 -0.2795549271697627
88 1.5577329044205395 -0.29029187016332547
89 1.1002456344671203 -0.2385229321463499
90 2.7321002360522395 -0.26599257484358374
91 3.018429860760792 -0.29575001756352737
92 1.335714136107613 -0.29077136534563924
93 1.7858763616649325 -0.29523319937556086
94 2.8041994317199057 -0.2721278087122924
95 1.5386427022354559 -0.23964576130411808
96 3.1295748158236574 -0.27594160171776166
97 2.953794214884741 -0.2477338009118601
98 2.677356599222473 -0.2695109989301909
99 2.7132800030121627 -0.3055417816115354
100 1.703850831734297 -0.2819344127527491
0 1.8417829808309443 0.2670764445963062
1 2.5768491760531314 0.27183887601027645
2 2.6518971489482492 0.3135110566227095
3 3.366306895862587 0.2790775832285928
4 1.7432482526491584 0.30458876075121716
5 3.000904418832962 0.26601673392842007
6 1.1708844598026675 0.31822900634970397
7 3.1685059445745933 0.2925332094925798
8 1.26969595087145 0.30865201721115937
9 2.4833254095475916 0.32880839266251133
10 2.7151578278141426 0.27000925573365586
11 2.0656794925086848 0.283785214169746
12 1.2908744078279293 0.31308041273318565
13 2.9591332624730278 0.27093621226745584
14 1.0745999467098777 0.30494289918867307
15 2.9966285035827838 0.2733339546238271
16 2.2331181750370783 0.2673788112720222
17 2.2356544527980926 0.29699381799137436
18 1.3234839988570295 0.2988291015930498
19 1.92732924047978 0.2743267263510675
20 2.5209792724037476 0.25942468547994396
21 2.2765284374498376 0.297903159987267
22 1.2630572013557186 0.2660627069040585
23 3.271677089551714 0.27117479939718225
24 1.597488084542685 0.3008122828894373
25 1.1684061970230706 0.311236102499423
26 1.5772985795751238 0.2686182125127955
27 2.430283149229511 0.29041482224680415
28 1.323353349339849 0.23374244371676645
29 1.7994710056158283 0.2832200119795405
30 1.0957223303653023 0.2865947074838546
31 2.6913579602574904 0.2868124306083891
32 4.1177023012626695 0.2915177378661009
33 3.1720218880130604 0.277599092708763
34 2.5042094081543897 0.3037919527067076
35 3.889685392994373 0.2396635040559596
36 2.5048988393266907 0.29709733132217253
37 3.365035526912844 0.21943093320189555
38 2.3034352914499987 0.32380773816860176
39 1.3718147551318385 0.30827324849027715
40 3.244094651506747 0.28169667810606996
41 2.712028132440115 0.2945692114050056
42 2.5022335915916973 0.2798414380684554
43 3.1592797370631462 0.29771398876413663
44 2.5358316110882155 0.2904874328131537
45 2.815586378079891 0.29299835813767383
46 2.0377888250055456 0.26223412672824004
47 1.2274407241528926 0.30510434521416585
48 2.5512069977804064 0.25945753512718805
49 2.319949659764048 0.2735843897596667
50 2.2716218370948376 0.2913021298506184
51 2.766178427218023 0.2823888285394796
52 7.011378470228969 0.2579245662898299
53 1.0747853985115647 0.2898208863405296
54 2.9423494062328004 0.2789970367470827
55 1.2308935600454167 0.27249701182406744
56 2.1296456018789582 0.2858680825427969
57 2.4468147502898887 0.3215657031417969
58 2.8070024146061483 0.29663623358340424
59 3.074128620299872 0.2736141117734781
60 2.415064871527386 0.2941348119952589
61 2.073726535047658 0.27044799731662533
62 2.5204249837320005 0.2553716155738335
63 1.1189713567208988 0.3171069184257638
64 4.424140024479635 0.2817445405091666
65 1.4502746872912824 0.23934408811525115
66 2.723680668729718 0.2581240545265544
67 2.927476188818593 0.2831372800582919
68 2.467454220788024 0.2903584273779779
69 1.3976712243476936 0.277341457589107
70 1.483778245431231 0.2680439206533972
71 2.7469098158540746 0.26655253058905676
72 2.2635936240323105 0.3188680635896656
73 2.7679097341365355 0.22635028761264075
74 3.3026543239730515 0.2609181444139054
75 1.573483508461751 0.32231562015881626
76 1.159571296590009 0.28963314694344033
77 2.3194494971329678 0.2774020386044908
78 1.8615963774645157 0.2920804099263137
79 2.5833068340859855 0.2620736875577421
80 2.5041382925875557 0.29460494235542245
81 2.168327079491701 0.23806971726587012
82 2.8244121753136504 0.2907780691465449
83 2.6783952008164933 0.2883473682867127
84 2.906747268535221 0.265826848628518
85 3.2642817157467174 0.2638607401383889
86 3.1064778634383794 0.23225401942598872
87 1.0557389446632213 0.30377889517422957
88 3.9703941414641504 0.23478982177949081
89 1.5046506543378984 0.28123997560928815
90 2.5167502337200194 0.27649738300298354
91 2.5925711457333955 0.29241620821719333
92 2.650666198633129 0.2894186536868398
93 4.214937541445643 0.2844492828227026
94 1.357733746463842 0.23674392880230288
95 2.5639616926773927 0.24657066809424633
96 1.6849846980105756 0.2712066801954322
97 1.8546914957496328 0.2964627937324196
98 2.0381815454871184 0.258558914312516
99 1.3740828620420877 0.29227375017446694
100 1.5372006461991448 0.2892169305670376
101 3.9166131967392595 0.27668688764199
102 2.4063365488929755 0.3106625898552736
103 2.2559703950165098 0.2811447513299455
104 3.248923763318219 0.2661327667350134
105 3.8775217406566966 0.17451680049995216
106 2.202853857842125 0.2818615761304514
107 3.123746783333585 0.2632958716616003
108 2.803878291549842 0.2833991598763806
109 3.254759573780149 0.25649837707953854
110 3.7438920154414723 0.2668872268603408
111 1.2422407485280997 0.2688839453480148
112 1.3028092577292663 0.24253284949156073
113 2.8449123097170426 0.2344447789147437
114 2.9960003637092525 0.2496453806086002
115 3.09540724659212 0.24020882157710588
116 1.6713563823195647 0.288038754904922
117 3.3205073427744938 0.28372191657991885
118 3.3058516638986983 0.27700377140350274
119 1.1243802612236649 0.24938936369089426
120 2.1523622842712453 0.25625877843120115
121 2.529153488599574 0.299363760690722
122 2.739611096691686 0.3120340049619782
123 1.6185805878660542 0.2788306217572419
124 3.118267053301056 0.2819682995804544
125 4.742991138795317 0.2966867083967323
126 1.1085840645719924 0.32041556783408426
127 3.392623243686289 0.29909808670975135
128 2.142773593936818 0.24968393230904157
129 1.8367534574699793 0.2676679022877259
130 1.1669518210403744 0.21361486764308374
131 1.7439345517035933 0.2903410728045048
132 3.6466474498234938 0.2669051795443332
133 1.1668678392632934 0.3282339034148298
134 1.730045403459402 0.2770091725516903
135 2.221439835819986 0.3054831489993478
136 2.7863018191649367 0.2732828480982041
137 2.3369288762680385 0.337258466607399
138 1.6297976741367899 0.2319024554378018
139 2.9134453173287227 0.3164938007050638
140 1.4788485074816855 0.2856934354228807
141 3.1380965450329774 0.28248840129587033
142 1.9473545725085042 0.28452172391057
143 1.6537670888351128 0.2576736689604702
144 0.9872077751390212 0.27271019546802255
145 2.3101739767707685 0.2995325633857051
146 1.536219722537141 0.266993987095773
147 0.8712749834788045 0.2756432660547449
148 1.6080060006915535 0.31322409849106686
149 1.7091849859012755 0.26756246368198194
150 2.629123691660573 0.2800283471729654
151 2.7309897267480006 0.2749793234038167
152 1.0815009257964103 0.29795468637179084
153 2.4655789406262354 0.25040917141305
154 2.897669770003567 0.26128552019440787
155 3.698578967339185 0.2572864296178534
156 2.6526237217604125 0.2645946493439387
157 2.8894720927576447 0.2601394146176851
158 2.8025796492363826 0.27946018230395286
159 1.2017266604730406 0.21885120352181048
160 2.7557704947905726 0.27198365001776603
161 1.362351193933819 0.29123558192802323
162 2.86409917017239 0.27790555268586886
163 3.453803034261401 0.27920440121128537
164 3.9148186004181067 0.28256467287596765
165 2.154455930865903 0.28622090423407026
166 1.353253789322255 0.2572450628945678
167 1.3479454573143919 0.3054987804096521
168 2.741874997760879 0.19391452688822464
169 2.86703666754559 0.23432977157471652
170 1.1903101700546062 0.20194457306047775
171 2.678745557041897 0.25657157948762305
172 1.7351987855921314 0.30726342928017686
173 3.1786212709438804 0.25321370051442427
174 1.4669652716533843 0.31057256431582503
175 1.1538484151464254 0.3042901795050863
176 3.1040845241594694 0.28042750407176803
177 2.2366898657517584 0.28745621327089466
178 2.774890521777256 0.28642435637494157
179 2.4328715162055765 0.31105602265455234
180 4.355207151096657 0.2508247892038957
181 1.838391238271953 0.28411894666600024
182 2.57968540517833 0.27584058863586647
183 1.1922673731166087 0.2719704188679509
184 1.4641674068818546 0.2497316645059876
185 3.547440480424493 0.2982692452471987
186 1.955510532332285 0.29974055023868523
187 2.7452696685692732 0.2533510496837259
188 3.1479556113758416 0.22999147854442664
189 1.389007821715174 0.2740991966500789
190 2.337590001319455 0.3198700876996531
191 2.2759760016163555 0.30286287556989144
192 2.530505388033845 0.3180775265790207
193 2.5214601307657625 0.28706465429460265
194 2.3549681541308543 0.3054344024446376
195 1.7972782280619444 0.25672830767022414
196 3.0707266314996122 0.27407211913350416
197 2.034160958266611 0.26152789957018546
198 2.7934398888971015 0.2820243101491766
199 1.7263091179610726 0.2967080883406009
200 2.8844106727517156 0.28419882323363554
201 2.8350934736829654 0.269050663482031
202 1.4172191254561026 0.2695570650782301
203 2.546052382926724 0.3346249691108409
204 2.5183781193887906 0.26366333877319054
205 4.193619819278233 0.19682832142354473
206 1.540062229163608 0.20568570082830756
207 2.9042589287433014 0.178020055042598
208 1.1545166000765579 0.22286197513793488
209 1.8215769581034602 0.2438158253037273
210 1.0782280868103469 0.23179380135524907
211 2.6358575673653295 0.18103981444026424
212 2.4935959299989108 0.185109602413853
213 1.3308771088789109 0.20750592540361978
214 0.8461075635624793 0.2326516565799729
215 2.5192040121853942 0.18833801621458557
216 2.6196555270619672 0.19659954849353045
217 1.8983053963539644 0.28535635437826506
218 2.0739074514951334 0.2108531754153437
219 2.8017873897777537 0.2405877441191232
220 2.615070458138167 0.22192288240886943
221 2.5600397219240842 0.2332731088396196
222 2.3800995208746905 0.22935441940292134
223 1.66934357269569 0.2646893792588599
224 2.957101852859816 0.1902040907623132
225 2.8864193435004775 0.15592343082835844
226 1.914244415385519 0.16016206063676597
227 1.4513416480880692 0.19466439159954577
228 4.104781449559713 0.16886352001002422
229 1.144058591933813 0.22524978645586521
230 4.360630489851632 0.14490005527725647
231 2.8220453041494773 0.13310129906054888
232 3.4560796370679148 0.1484020952435508
233 2.624947131002719 0.19978567886502646
234 2.6149242678115683 0.21431368685509744
235 3.4404256469111854 0.16735337563168973
236 1.2508186422577767 0.2115462326521364
237 2.0933020554253434 0.1567407388628561
238 2.99861877917289 0.2286494920031774
239 2.746302273338871 0.19810592628409368
240 4.926792069891826 0.18514527537294534
241 2.556151122917773 0.17677492309026477
242 2.327643533425143 0.25168407544055044
243 2.0119905872542487 0.16391672694886378
244 1.240254990251823 0.2130748076374272
245 2.8035777375326245 0.22678918597615239
246 1.5372408025042619 0.23494934928512412
247 2.857462371237126 0.18572892952527165
248 1.2821338127016704 0.15473872390444224
249 2.3065511920339414 0.1996978974907313
250 2.4588870038966997 0.15501790099233068
251 2.9355127906999177 0.14545708661289602
252 2.1131699028647875 0.14190037115882823
253 2.61993979144225 0.1746585181134668
254 3.8797308799756185 0.1968065289584589
255 3.9948949122976782 0.21791180064840243
256 2.589535019162363 0.10580955810421654
257 0.959950512075117 0.19211272972611598
258 2.7519757721154603 0.1620373098516635
259 2.73785666775729 0.19201395640634777
260 2.3505031344724814 0.17483636770763922
261 1.5188369194116178 0.16147627757441793
262 1.2471017922610448 0.279538431861539
263 2.9722209241194153 0.1783331564182103
264 1.4387665643866792 0.1349950239504364
265 2.63946282684243 0.20043642636597486
266 2.375855618577766 0.21335542841762206
267 1.2643537062580203 0.2000315401386371
268 2.0602620295050715 0.19272709799758714
269 2.8943706816070107 0.1794050037067988
270 1.5048272346817995 0.2301320068689987
271 2.4893169623657165 0.16028220210046495
272 2.5435540043651206 0.18885795706173364
273 3.1831043975682234 0.1781578443849472
274 1.1769089633427612 0.25669726069965926
275 2.1064303477631032 0.18711527910872278
276 3.861628681698337 0.18473327210522839
277 1.9708266977186604 0.21990126711135294
278 2.313245528177469 0.17541735518579687
279 1.6546978880607814 0.17692895407395748
280 2.7325128933870015 0.14316184471566035
281 2.7924802872888903 0.18335329563620117
282 2.4835277804064013 0.21603395977711187
283 1.2596217546169508 0.2040973146934308
284 1.1710547721353572 0.16220733530481102
285 1.8196187475519783 0.17718045476100916
286 3.2455974319433434 0.17766447167743685
287 2.1480021025210374 0.21791341285165056
288 2.6164059061144416 0.1538827270729865
289 3.3525560784377224 0.1833318235503309
290 2.7530009280950476 0.20570679324692565
291 3.740872976203508 0.1998831199343013
292 3.8764116678033362 0.21090681666439465
293 2.576970334142341 0.22780786807134945
294 2.549397765351742 0.23905486757545408
295 2.898174811977957 0.24864446933262524
296 2.671064604506469 0.22691409912479932
297 3.1695979711667204 0.20694942237736214
298 2.3795498009267853 0.21878785075405432
299 1.9316935021891735 0.2095104078346167
300 1.8745343180311016 0.265671330287535
301 2.6816594262114926 0.18956280830997524
302 2.622822928923168 0.2538698088327194
303 2.957003997580398 0.13458350729665036
304 2.824611741205477 0.12692236801790502
305 2.2376062127074348 0.22763914580578562
306 2.804239563771735 0.21045176410274913
307 1.4128174822899602 0.186427250193123
308 2.0953281645765167 0.19853367730833948
309 2.818154730077237 0.17855739673403076
310 2.4221878896290536 0.21327533603729426
311 2.7666847331946536 0.15964167452927114
312 1.2443015189147075 0.18551714565613797
313 3.0471965159672285 0.2314096306223058
314 2.745213217151192 0.3124964527762635
315 1.8239716050859287 0.2363082695776202
316 2.8814773800264493 0.27997910304149964
317 2.6867295160750553 0.2429599191973092
318 2.1503856933397665 0.25140116910602506
319 1.5517830856533061 0.2699986663788637
320 2.411022526261102 0.18470811759868933
321 2.365953723731881 0.2659948330187699
322 2.5540985528167006 0.23527275807408926
323 1.7498968321951591 0.2048090111215171
324 2.0488774806715293 0.24228226172590817
325 3.1061735176211602 0.18664290049287502
326 2.0156899606999374 0.17271941801865048
327 3.5177467895980317 0.19028663865779172
328 1.949840618616438 0.2197273595139368
329 3.053127447670023 0.24249888353761634
330 2.8718797931550895 0.17216598623348103
331 2.5054676635661566 0.17856158851558085
332 2.575916066227597 0.21032463343058433
333 2.7029637483385343 0.2533222423405074
334 2.320041284067176 0.20789851630790884
335 1.7128079648496564 0.23141440250395018
336 2.987522445914748 0.2028186424208933
337 2.200915423458108 0.24883627788823948
338 1.7235353834562819 0.2976428441010174
339 2.244528114813402 0.22233996139508894
340 1.288173363373835 0.23968060660611018
341 1.4674525099473326 0.2704213681336194
342 2.2838836466793753 0.28376141897588775
343 2.881090947733882 0.2814341948212261
344 1.968375496631796 0.26125528742343296
345 1.5729468278139123 0.22183732765858954
346 1.0866248797879787 0.22821803648014605
347 2.9042151473554836 0.20725185776523314
348 2.6434712803504135 0.2070972468906953
349 1.756786972879163 0.22264920257077958
350 3.283248978511497 0.17717807342011743
351 2.6602118125377863 0.2354879781068258
352 2.490734682514612 0.2233850697117819
353 0.9801832975141804 0.15479199311289926
354 2.8020597154744467 0.26564357303604735
355 2.7958870014429076 0.2715704400925463
356 2.1608675091287566 0.2505800393492368
357 2.7619445545982835 0.3050019350752754
358 3.913655283635924 0.28712049238653037
359 1.7121774783393695 0.25179850454307134
360 2.1537175298666176 0.27790486385689833
361 2.661999318560561 0.2987429272809989
362 2.935675442529565 0.22846645400517235
363 2.051345000146284 0.2445577895307834
364 2.56485741862692 0.20077682170810518
365 2.5051496563644946 0.1624885263235136
366 1.1546031736119358 0.23482946183404058
367 2.7303966266773996 0.3142097748302741
368 3.341024647476716 0.2756697252075377
369 1.3043875280663233 0.23479190923037355
370 3.966872287674147 0.2517224648137392
371 4.149521902219698 0.2045544401908609
372 2.0937750097623073 0.20413427014933117
373 2.65158892139179 0.25555413125825405
374 3.192468731944083 0.2831672566769653
375 1.5473857004760339 0.29998126879340536
376 2.581781903647295 0.242142056972875
377 1.188943695055472 0.33248805320892294
378 1.1890192780976219 0.25487115897089446
379 2.5683123044413954 0.28108081268485574
380 3.1012153213368174 0.29437781416979514
381 1.5694289822901535 0.25619929953135656
382 4.074495528673946 0.251423815539955
383 3.035759433854134 0.2585662600623731
384 1.2103600314341667 0.27463771828733385
385 3.0759692137959016 0.23789936374324394
386 3.9396254583395396 0.191906279607634
387 1.0908706819690057 0.22427757854909638
388 2.717571029653131 0.25259253520857605
389 2.3536989280122533 0.2281062548668018
390 1.748156870942622 0.2068933870784376
391 2.1882279259553035 0.2612387073929453
392 3.210242457888029 0.2638908011196607
393 3.7351512398103948 0.2147328714748607
394 2.261980753031309 0.24518676728725658
395 2.767110339855694 0.2731917826433062
396 1.5164434553817423 0.2081673939213442
397 1.3543877582519044 0.2339194899321153
398 3.145603655991591 0.24374542066822452
399 1.5786923774766781 0.2794508821808708
